1,IC001,0.0,3
2,IC002,0.0,6
3,IC003,0.0,2
4,IC004,0.0,7
5,IC005,0.0,4
6,IC006,0.0,1
7,IC007,0.0,5
8,IC008,0.0,2
9,IC009,0.0,6
10,IC010,0.0,3
11,IC011,0.0,7
12,IC012,0.0,4
13,IC013,0.0,1
14,IC014,0.0,5
15,IC015,0.0,3
16,IC016,0.0,6
17,IC017,0.0,2
18,IC018,0.0,8
19,IC019,0.0,4
20,IC020,0.0,3
21,IC021,0.0,9
22,IC022,0.0,4
23,IC023,0.0,2
24,IC024,0.0,6
25,IC025,0.0,3
26,IC026,0.0,7
27,IC027,0.0,5
28,IC028,0.0,1
29,IC029,0.0,3
30,IC030,0.0,4
31,IC031,0.0,6
32,IC032,0.0,2
33,IC033,0.0,7
34,IC034,0.0,3
35,IC035,0.0,1
36,IC036,0.0,5
37,IC037,0.0,6
38,IC038,0.0,4
39,IC039,0.0,9
40,IC040,0.0,3
41,IC041,0.0,2
42,IC042,0.0,7
43,IC043,0.0,3
44,IC044,0.0,4
45,IC045,0.0,8
46,IC046,0.0,6
47,IC047,0.0,3
48,IC048,0.0,5
49,IC049,0.0,2
50,IC050,0.0,7
51,IC051,0.0,4
52,IC052,0.0,1
53,IC053,0.0,6
54,IC054,0.0,4
55,IC055,0.0,3
56,IC056,0.0,7
57,IC057,0.0,5
58,IC058,0.0,2
59,IC059,0.0,6
60,IC060,0.0,3
61,IC061,0.0,8
62,IC062,0.0,4
63,IC063,0.0,1
64,IC064,0.0,5
65,IC065,0.0,3
66,IC066,0.0,7
67,IC067,0.0,4
68,IC068,0.0,2
69,IC069,0.0,6
70,IC070,0.0,3
71,IC071,0.0,1
72,IC072,0.0,5
73,IC073,0.0,6
74,IC074,0.0,4
75,IC075,0.0,9
76,IC076,0.0,3
77,IC077,0.0,2
78,IC078,0.0,7
79,IC079,0.0,3
80,IC080,0.0,4
81,IC081,0.0,8
82,IC082,0.0,6
83,IC083,0.0,3
84,IC084,0.0,5
85,IC085,0.0,2
86,IC086,0.0,7
87,IC087,0.0,4
88,IC088,0.0,1
89,IC089,0.0,6
90,IC090,0.0,4
91,IC091,0.0,3
92,IC092,0.0,7
93,IC093,0.0,5
94,IC094,0.0,2
95,IC095,0.0,6
96,IC096,0.0,3
97,IC097,0.0,8
98,IC098,0.0,4
99,IC099,0.0,1
100,IC100,0.0,5